Tomato 300 2021 11 23 0 0 0  
Mozarella 200 2022 01 15 0 0 0
Tomato_puree 100 2022 12 31 0 0 0
Paalaegschocolade 200 2022 10 13 2021 11 22
Salami 400 2021 12 15 2021 11 21
Cucumber 500 2021 12 1 2021 11 21
Butter 186 2021 12 25 2021 11 20
Milk 560 2021 11 29 2021 11 20
Strawberry_jam 203 2020 02 18 2017 01 19
Soda 1000 2022 05 29 0 0 0
Beer 1500 2022 06 12 0 0 0
Ementaler 350 2021 12 09 2021 11 16
Bacon 150 2021 11 30 0 0 0
Eggs 530 2021 12 12 0 0 0
Ketchup 669 2023 05 12 2021 10 12
Dijon_mustard 140 2023 04 14 2021 10 12
Roquefort_cheese 965 2021 12 24 2021 09 07
Rye_bread 500 2021 12 30 0 0 0
Beets 500 2021 12 09 0 0 0
Risifrutti 350 2022 03 03 0 0 0
Sour_cream 379 2021 12 03 2021 11 15
Yoghurt 600 2021 12 12 2021 11 19
Parmigiano_reggiano 500 2022 01 15 2021 10 10
Gorgonzola 200 2021 12 30 0 0 0
Mackerel 250 2025 12 12 0 0 0
