Tomato 300 2021 11 23 1 5
Mozarella 200 2022 01 15 1 5
Tomato_puree 100 2022 12 31 1 5
Paalaegschocolade 200 2022 10 13 0 2021 11 22 5
Salami 400 2021 12 15 0 2021 11 21 5
Cucumber 500 2021 12 01 0 2021 11 21 5
Butter 186 2021 12 25 0 2021 11 20 5
Milk 560 2021 11 29 0 2021 11 20 5
Strawberry_jam 203 2020 02 18 0 2017 01 19 5
Soda 1000 2022 05 29 1 5
Beer 1500 2022 06 12 1 5
Ementaler 350 2021 12 09 0 2021 11 16 5
Bacon 150 2021 11 30 1 5
Eggs 530 2021 12 12 1 5
Ketchup 669 2023 05 12 0 2021 10 12 5
Dijon_mustard 140 2023 04 14 0 2021 10 12 5
Roquefort_cheese 965 2021 12 24 0 2021 09 07 5
Rye_bread 500 2021 12 30 1 5
Beets 500 2021 12 09 1 5
Risifrutti 350 2022 03 03 1 5
Sour_cream 379 2021 12 03 0 2021 11 15 5
Yoghurt 600 2021 12 12 0 2021 11 19 5
Parmigiano_reggiano 500 2022 01 15 0 2021 10 10 5
Gorgonzola 200 2021 12 30 1 5
Mackerel 250 2025 12 12 1 5
